207997
202586
203118
202684
205221
206479
207746
202582
206614
201358
206153
202557
206993
203284
209814
202358
209948
205985
203011
205268
200781
203176
204586
209008
201986
203953
202681
204734
208931
206160
200623
203644
209282
205045
209760
201332
207427
203136
202632
209064
209517
203767
203473
203559
209571
206571
203112
209039
207490
207251
201206
208822
202133
202068
205554
207470
205091
203833
205363
209007
209001
205323
207141
203988
208716
207388
208735
209427
206347
207625
208210
205523
209813
204943
210019
202448
208325
201024
203379
202840
201086
208279
208088
201490
205238
202508
206259
209408
202158
206684
206741
209595
204185
209303
207088
202784
202678
205870
208531
203565
207083
204132
204253
202512
203006
203670
206314
201667
205441
200358
207922
208974
201279
202388
202242
208365
201508
204501
203293
203043
200189
204476
206830
200657
208781
204804
205491
209147
202812
207247
205715
205668
209029
206691
201010
201248
207976
208535
203546
208784
207170
203798
206610
204981
205887
209053
200645
203419
208882
203298
204639
202895
207581
208444
209285
210058
207136
208710
202182
203991
202165
209646
205971
207063
206983
204920
208988
207925
200828
203775
209953
204574
209139
205802
202876
205879
205240
202615
202335
202488
207626
201735
205543
201476
200740
204044
206668
201003
206274
200568
206224
202302
202047
206453
202835
201620
204426
207833
204391
201304
208998
208742
202410
205039
201036
209449
208252
209992
209359
204010
202243
208937
206440
202594
204069
203889
205742
202785
209659
208597
206191
202217
203434
208828
207763
206026
202942
204533
200360
203555
200471
210322
201879
210244
200975
209638
204537
202142
204809
201642
207965
203172
206918
207307
203103
201511
206320
204168
210142
201000
200770
202379
203376
203781
206139
208319
207597
202355
202781
207863
209752
203831
203004
208453
209222
202236
203269
205360
207042
200845
206104
201816
205098
204789
203521
206422
200429
200412
205769
200698
209056
203563
207896
209536
205764
204570
202585
202878
208342
204307
201133
203634
207940
206869
210243
201578
209736
209917
201013
209593
204123
206088
210022
205664
209502
202118
201277
204963
204233
206548
202411
206345
201846
205386
204217
201999
203191
208383
207120
204294
202350
207105
204262
205853
200979
207584
207589
200630
202651
208913
206388
207447
204803
205731
206768
201557
201446
203783
200347
209625
205784
209790
208086
205052
200733
209639
205056
201533
209795
209701
208294
200693
209251
204456
201911
203225
200488
200614
203887
203368
207149
203969
204768
203594
204197
200344
202130
200420
203306
201195
205686
209998
209824
209396
202788
209411
208778
204305
204545
207372
203235
209895
203294
208583
207929
202646
204643
207968
206069
202385
203916
207894
209932
201814
205712
209531
207744
205225
208455
202111
205011
201041
209445
200887
201658
205680
203637
205043
206910
205295
201718
209361
203198
206722
204624
209249
204516
205169
201679
203955
204119
206467
205135
207789
204718
209774
209444
204170
205153
203629
201761
206258
201966
201429
200524
205069
204475
206079
209839
210252
202428
200831
204953
202447
209512
206903
209955
202539
207827
204817
203449
209328
204988
205413
209482
204206
206621
208203
201669
203099
202573
207355
206266
205027
203369
200416
206598
209114
202157
200505
207906
204995
200624
207062
208297
204544
206518
209010
200778
209090
206123
201198
204326
209656
200204
202773
210018
207730
203720
206797
209296
203985
207780
201165
205810
202166
201127
202303
200559
203330