204805
201095
204615
200521
204421
204269
200372
207943
208980
201572
205566
204919
210002
204517
209546
205122
204662
201326
203562
201575
205902
206442
206257
210166
208831
208223
208995
202175
208214
205874
204057
204728
209793
205200
209820
207050
208447
205745
205580
208478
208927
208705
209345
209402
204851
204414
206604
202261
208631
209432
209476
208692
200353
202722
204990
205889
201793
208010
200464
208572
202301
204065
208062
207032
205416
203081
201550
201239
204317
209412
200517
205786
205702
202809
209721
203661
206662
209889
206815
203355
209566
201392
203222
207397
207109
204458
200318
205357
205023
204658
203274
207516
203580
200815
203848
206716
208396
210308
209446
203278
200221
207980
208669
205675
206084
202429
202553
207481
202418
205019
201549
209772
207101
203653
201374
207319
206989
206049
205539
208367
210084
203426
206685
203548
209294
204721
202491
209780
204854
201606
207121
203220
205503
204660
205908
200439
207886
207949
202420
203157
207354
207952
207468
210010
208773
204180
202970
207315
208133
201065
207297
203373
209740
208945
207162
203832
203751
206997
208839
208409
203608
209723
203339
208033
210267
207851
210187
205895
203818
207813
207196
207208
202983
200764
206715
207502
206141
202459
201960
201745
208029
205974
206076
206738
202421
207573
208032
205184
209718
205707
202559
203180
205950
206899
203336
204540
209172
204928
208345
203496
204034
205997
208351
208089
209087
206352
203694
202838
208329
208890
205886
201327
205469
202412
201276
201088
208053
206828
205496
204221
209151
202105
208829
208186
202394
203862
203962
200959
204260
209771
210127
207238
206406
205798
208522
203714
205195
206786
200242
204595
206947
206651
207964
201525
209327
202299
201677
203497
207114
204388
207919
204399
205753
200254
206302
203532
201162
206208
201881
204121
203015
208580
207123
206971
206829
208299
209810
208362
206979
201671
207002
206784
204130
202948
210297
206354
203086
201778
200497
205188
208472
201926
205499
210170
202162
207510
208040
208761
208978
208548
204828
207068
208188
208993
201144
207876
205632
201211
204277
201967
208712
205530
207750
207948
202027
206212
209486
200688
203538
202598
209240
207559
201805
204568
205551
200944
205666
201384
206059
208720
204484
202408
210102
204477
202200
204314
205181
207872
206532
203732
208414
208879
207869
205623
208651
204965
208930
206121
203893
205253
203805
200508
203287
210044
209170
206417
205910
206678
208697
204453
200381
203986
202051
204204
208106
203151
205878
203137
206162
205287
209682
201980
209424
202962
206897
202999
201988
204332
208200
201138
205312
200591
201870
209741
208108
206747
207230
206711
209848
207033
209657
204961
203861
201883
207128
200496
206812
202256
206376
203696
209796
204577
210182
203788
207685
206488
210139
205876
209377
208971
204311
206576
204671
202990
210113
209582
205012
208315
201609
205005
205998
206848
209675
200215
209535
203717
204353
202768
208533
201213
203609
202024
209703
203591
209690
202818
201409
203789
210141
209561
202894
205759
201464
205881
208538
201756
201305
209085
209265
208430
206120
200908
200235
207676
201451
201300
205004
201112
208173
204536
200817
206595
207366
204984
201272
209728
207292
209302
207217
204193
201943
203681
209109
208852
205682
202064
208116
204992
204813
205721
201009
202691
205836
200322
209165
203375
200509
207076
200231
207095
204927
201541
210060
204843
204020
207231
203577
203323
201716
207107
208284
209330
203204
209078
209993
209927
206272
203737
205942
207487
200297
208152
207802
204439
200659
208310
202964
209522
205928
205133
201066
206217
202922
210099
203363
205689
206799
206619
208174
205804
209074
201922
205626
205658
209347
200459
207672
203881
207435
207265
200285
200512
207373
208837
200866
202823
207856
207882
208429
204067
203706
205414
200491
201235
200494
208419
206495
201004
207576
208877
203253
205382
204082
206868
208512
206588
209091
208096
208876
209835
206461
202866
200823
203895
208263
208644
204070
203038
208932
205406
202249
206584
206655
208895
200731
204949
208454
203880
208928
209317
203741
202253
200498
200479
200241
206608
208887
206594
209575
209492
206408
210177
204077
207041
205508
204523
209579
206265
204507
205114
205817
208513
208613
203935
210240
204623
209944
200913
206192
200523
200775
208546
210116
202662
208640
201649
203578
206739
205573
209777
205333
208245
205717
201784
204847
207091
207921
202738
202300
202239
204027
202184
208041
206737
210154
208093
202643
200712
207545
208678
205565
201750
207873
203690
205289
201529
202361
205949
205053
209926
207837
208004
205903
203545
210165
207932
201119
204617
209867
205502
208355
204272
202783
201713
204238
203980
208199
205206
210199
201690
205101
206009
207094
205047
209435
206067
205484
202137
200607
201475
202478
206558
204276
207007
206669
203764
207874
208047
204620
205072
205818
201597
208418
203866
200832
210100
205932
207284
200465
205597
208959
202566
203212
209870
204504
209041
201087
202851
206880
203995
203842
210169
200984
202501
201796
207960
202991
209274
208555
208308
201014
203919
204169
208206
203996
205966
205716
205016
209369
208650
208467
206483
201857
204593
204612
201253
209333
203557
203722
208889
206822
204055
200373
209957
201512
205120
204322
201551
210229
200485
204510
207737
207386
204676
209415
208731
206452
206883
202511
200834
201725
203876
203479
205140
206295
202992
205230
207643
201539
201723
200313
209395
205672
202931
202226
204224
203478
204958
207715
207242
200537
208104
206718
204784
201985
203230
203837
206921
205102
202867
208016
208238
203148
206238
204823
210132
203620
209044
203762
207831
200349
200270
208469
202228
202548
201142
206173
205805
202859
201648
209297
205063
207795
202848
205979
203726
203642
206570
200663
205615
206028
200858
203079
207806
205564
202777
209937
205515
200622
205442
209551
208353
204916
209557
209398
206674
205108
203233
206360
200477
207190
204761
200671
200753
204454
203936
203736
203150
205107
207381
201029
204944
207287
209308
201868
209108
204503
209587
201215
209613
208251
210289
206476
207261
209062
201353
203464
208312
204859
208303
201177
201733
202085
208888
204215
202531
200800
200942
203971
207892
203508
205790
200838
204179
206564
202479
200390
209515
205754
206758
202519
206659
208952
206182
200951
205824
202541
203549
208321
206582
201783
202272
202863
208363
206881
205455
209002
202374
202327
200203
205967
201628
204392
208224
208190
201664
205247
208231
202968
203867
203531
200976
203898
207934
202465
209626
203335
207093
206968
204719
202744
200869
209144
203790
204742
200689
206136
206967
200529
202977
201858
208719
210197
208593
208602
204881
206138
203501
209562
209160
200884
209732
201514
202989
203687
201923
210052
205331
204188
209350
207800
208196
206070
203487
202377
207432
204075
208253
201462
206039
204770
201590
201255
205411
207797
210191
200876
209877
206742
203315
203282
202328
201308
203126
209229
210306
203615
204892
207054
205113
201834
204548
205059
210147
207777
201011
203847
209158
209758
200227