200516
207912
207792
202959
201979
202665
207836
207288
205737
201701
203452
201751
209383
207358
201152
208427
205292
200821
209448
206349
206210
205277
207602
206424
207334
202390
202331
200593
209971
203918
205651
200598
208000
201662
206014
206849
203486
205778
204681
207396
201629
207178
208987
208727
204263
209129
203457
200337
203715
207314
202911
204844
202807
208058
204903
204355
203683
203901
203165
204265
202626
201826
204218
207509
205815
207719
207174
204756
210269
204157
203864
209915
206675
210033
210073
204352
208282
204606
203383
200597
207416
205261
205035
207858
203405
209670
210164
203271
204858
205614
208271
206484
200320
208503
204084
205812
202776
201956
207016
209975
206860
200582
208638
203927
207069
204542
201176
203852
205355
205696
201694
201334
200434
203954
200316
205783
204141
207360
209362
203597
207731
208470
201600
204437
207018
201519
210045
206441
207651
207942
205389
206085
204907
202711
203662
202092
200710
203044
206230
207506
204315
200410
200873
208606
203007
202290
209019
202982
210314
207613
209724
201351
209478
200441
202108
207204
205806
206154
205687
201499
203773
201174
209596
205584
204140
200432
208487
204043
206313
202422
205217
209886
202754
208413
202808
208543
201740
201053
201139
207390
209606
201071
206792
209887
208671
209142
208817
205205
203543
207270
209833
203290
207927
201503
203581
209677
209048
208942
206530
203632
201831
208979
206544
201540
206752
208295
203207
207805
201496
200446
208645
208663
208938
209483
209124
200487
202306
204611
209028
208215
202039
201656
202929
203431
209714
201039
206387
206330
208050
203682
208862
205890
202433
208464
206434
200859
207291
205713
209456
210212
207346
201635
206999
205777
209195
205434
204024
209925
209429
207024
203190
202122
200492
205904
203166
202387
210049
209905
210239
203601
208168
203234
203000
201268
201886
203337
205953
210149
200932
205962
206418
204557
203292
201762
208489
205010
207783
206507
204910
204150
201678
208592
206248
201068
200730
204794
201266
208608
210185
203159
207895
209934
204143
210307
207349
200696
207888
203703
207671
204600
204092
209311
200211
209543
202856
208347
206322
208554
208977
205838
210150
203823
205646
201419
200863
206953
204555
209807
202600
204666
204853
204246
207669
201866
205242
208247
202472
203260
204343
204471
200945
206766
201262
200894
210086
209513
205877
200326
206300
201202
207561
208958
209270
207745
202758
208243
205857
209594
209093
202124
202006
205907
202608
208571
209668
208274
205216
201021
203626
207306
206819
207709
205968
206575
207607
203983
207147
208183
202857
208018
204288
206296
207380
200520
207954
203760
208567
206842
207425
205379
208025
203067
208236
207079
209980
204682
201269
208137
204645
207350
201833
204998
203436
200342
203700
210281
208540
209103
208332
205288
206245
209811
205461
204882
207211
208302
207340
208483
204000
201848
201921
208816
206843
203579
207637
204855
209313
209276
206629
201020
207182
203507
205457
204321
208884
210035
204759
205394
209734
204014
207219
200499
206497
201421
201726
207877
202321
202078
206717
201320
200612
207611
201552
207460
203309
203679
203641
210248
208072
208809
203100
200468
209226
207382
203017
201618
204987
205304
203725
204886
204583
204922
210278
203989
210221
208208
203533
203678
201849
200692
205647
203968
209148
203483
202618
209175
202716
205813
209309
204302
205929
207140
202953
203356
207232
203087
202291
201964
206379
206056
204089
203075
207628
206574
210275
206954
206021
206436
201661