206561
206821
209970
207825
205782
206031
202680
202000
209709
202271
209979
206721
208878
202033
202325
209344
209102
203821
203325
203859
201153
206772
206405
206193
206806
208636
205223
208679
206105
206243
204917
209885
207633
204751
205797
205736
208293
202509
208435
208408
205915
207910
208457
207598
210227
209239
208267
202854
207739
203242
207840
204033
205514
209753
204806
206946
200368
208164
209602
207658
204494
207426
207206
204552
202147
209021
209125
203286
207629
208304
205958
204184
209397
204348
202815
206851
203525
202663
200275
206170
209307
205700
206745
202887
200212
202978
207137
203154
202522
203054
203707
204275
205619
207678
209495
210137
201719
203124
208732
204538
205612
205227
204991
207268
205264
208386
206077
204849
204852
203443
202833
203513
207701
202348
209287
205624
202597
203960
209859
205208
201136
208248
210158
206236
205652
200716
205643
206227
208600
207984
208465
201684
200463
209933
206931
200656
202659
202958
209442
201509
201050
207115
201686
204913
208801
205250
207019
203650
202090
208975
209825
209799
203592
204196
204323
200417
207826
201077
210011
205050
202230
209976
203765
206287
200209
204455
203078
200457
203349
202005
209437
200415
209578
202647
203849
209569
209768
209707
208997
209964
203492
204402
208966
208043
203326
206914
208417
201717
205276
206744
210148
208101
202170
205041
204901
208366
206667
204175
207620
206970
209043
203135
206183
202652
204687
201283
205669
202761
205138
208994
205343
201865
207087
203085
205532
207784
203413
204429
206144
207493
202452
209612
200584
207664
209958
208647
203922
208634
200874
206356
208443
201810
210216
202502
204147
201216
209110
200222
207421
206315
201981
207244
209920
204818
204630
205575
201689
209503
206527
200611
207181
203147
208565
205204
209133
205728
205977
208442
203276
200638
202805
206920
208578
206001
200933
203677
204128
201566
205462
200200
205917
201997
208865
201682
206540
208668
208227
200447
205468
206093
200917
202297
201617
204748
200294
203834
210115
202658
203257
206866
203196
208333
209011
201360
207010
205036
201331
207338
201636
201932
207112
206529
203262
209473
203178
203819
209534
204564
209645
201890
210294
207582
204725
207953
202233
204551
201919
204304
207743
209107
203752
201947
200882
203189
207116
205634
204037
204781
203095
204489
200787
203010
208438
209394
206977
209540
206126
201372
201891
204205
201763
204138
206943
208031
203394
206473
201260
203386
203385
200398
203624
203761
207235
207200
206301
203441
200454
205606
201381
203021
205862
205732
204241
200470
201753
205099
203106
200896
208826
205497
200961
204793
209299
207445
202985
200573
205194
202861
204672
204690
205080
208436
204165
202267
209186
201094
200414
208012
202604
202802
208416
202974
203063
200744
201915
208812
209286
209523
201441
206679
205485
200399
206560
208551
200925
200632
202071
204018
201471
201688
210085
205124
203245
205079
206386
201324
201604
203551
207215
204677
202220
202961
209054
209372
202344
205375
206925
209727
207779
203312
205438
202708
203518
210226
201663
202498
205744
200660
206465
203750
204144
201934
202079
200409
203951
206022
209766
206338
207881
201895
202889
203024
204608
204939
206948
205720
209687
209047
206362
210015
200319
200341
202081
207060
203364
202336
206726
207554
204547
204740
205868
203389
209017
202538
206470
206275
209063
204022
200721
206932
200579
201523
207855
201901
201777
210024
204935
208904
200483
209416
200870
200327
207515
207684
203697
206543
203780
202014
203071
206814