206561
206821
209970
207825
205782
206031
202680
202000
209709
202271
209979
206721
208878
202033
202325
209344
209102
203821
203325
203859
201153
206772
206405
206193
206806
208636
205223
208679
206105
206243
204917
209885
207633
204751
205797
205736
208293
202509
208435
208408
205915
207910
208457
207598
210227
209239
208267
202854
207739
203242
207840
204033
205514
209753
204806
206946
200368
208164
209602
207658
204494
207426
207206
204552
202147
209021
209125
203286
207629
208304
205958
204184
209397
204348
202815
206851
203525
202663
200275
206170
209307
205700
206745
202887
200212
202978
207137
203154
202522
203054
203707
204275
205619
207678
209495
210137
201719
203124
208732
204538
205612
205227
204991
207268
205264
208386
206077
204849
204852
203443
202833
203513
207701
202348
209287
205624
202597
203960
209859
205208
201136
208248
210158
206236
205652
200716
205643
206227
208600
207984
208465
201684
200463
209933
206931
200656
202659
202958
209442
201509
201050
207115
201686
204913
208801
205250
207019
203650
202090
208975
209825
209799
203592
204196
204323
200417
207826
201077
210011
205050
202230
209976
203765
206287
200209
204455
203078
200457
203349
202005
209437
200415
209578
202647
203849
209569
209768
209707
208997
209964
203492
204402
208966
208043
203326
206914
208417
201717
205276
206744
210148
208101
202170
205041
204901
208366
206667
204175
207620
206970
209043
203135
206183
202652
204687
201283
205669
202761
205138
208994
205343
201865
207087
203085
205532
207784
203413
204429
206144
207493
202452
209612
200584
207664
209958
208647
203922
208634
200874
206356
208443
201810
210216
202502
204147
201216
209110
200222
207421
206315
201981
207244
209920
204818
204630
205575
201689
209503
206527
200611
207181
203147
208565
205204
209133
205728
205977
208442
203276
200638
202805
206920
208578
206001
200933
203677
204128
201566
205462
200200
205917
201997
208865
201682
206540
208668
208227
200447
205468
206093
200917
202297
201617
204748
200294
203834
210115
202658
203257
206866
203196
208333
209011
201360
207010
205036
201331
207338
201636
201932
207112
206529
203262
209473
203178
203819
209534
204564
209645
201890
210294
207582
204725
207953
202233
204551
201919
204304
207743
209107
203752
201947
200882
203189
207116
205634
204037
204781
203095
204489
200787
203010
208438
209394
206977
209540
206126
201372
201891
204205
201763
204138
206943
208031
203394
206473
201260
203386
203385
200398
203624
203761
207235
207200
206301
203441
200454
205606
201381
203021
205862
205732
204241
200470
201753
205099
203106
200896
208826
205497
200961
204793
209299
207445
202985
200573
205194
202861
204672
204690
205080
208436
204165
202267
209186
201094
200414
208012
202604
202802
208416
202974
203063
200744
201915
208812
209286
209523
201441
206679
205485
200399
206560
208551
200925
200632
202071
204018
201471
201688
210085
205124
203245
205079
206386
201324
201604
203551
207215
204677
202220
202961
209054
209372
202344
205375
206925
209727
207779
203312
205438
202708
203518
210226
201663
202498
205744
200660
206465
203750
204144
201934
202079
200409
203951
206022
209766
206338
207881
201895
202889
203024
204608
204939
206948
205720
209687
209047
206362
210015
200319
200341
202081
207060
203364
202336
206726
207554
204547
204740
205868
203389
209017
202538
206470
206275
209063
204022
200721
206932
200579
201523
207855
201901
201777
210024
204935
208904
200483
209416
200870
200327
207515
207684
203697
206543
203780
202014
203071
206814
206878
200986
210272
207212
202845
200915
204116
208360
204618
207993
208996
204750
208609
200747
205921
202264
209812
204465
205880
207053
201786
202065
202951
207222
207345
206569
203149
202908
200237
200350
200811
202202
201316
205740
206169
202337
207436
206116
207185
208281
208060
208344
203981
209504
205839
207706
202168
204649
205875
201295
204387
200595
205083
209032
201759
206107
204492
209057
207030
205391
201126
200256
201016
200871
204609
206319
209045
200348
208003
203111
207524
210126
200458
206397
209187
207547
202287
203243
207830
201638
210180
208318
207125
200309
206852
204118
206179
205054
202476
201438
206158
209438
201140
205628
208081
201553
207342
204526
208254
204652
205266
201495
202821
205448
201574
205600
205944
208507
202401
206002
202384
208105
207749
208957
207902
209911
202743
202682
200670
206222
207866
209637
200249
201073
206311
201157
202879
202489
207153
205453
200548
201737
207202
205308
207325
208194
205211
206929
209863
202530
201592
200481
208278
209155
204394
206147
209751
205207
203397
205318
204505
207180
204724
204986
209075
203258
205335
206445
205803
209238
201113
204199
204532
205088
204243
200514
207332
207619
208350
209459
205833
208715
201291
201905
207362
208745
208654
204472
203742
207958
204229
201110
206219
206216
201954
205324
202510
208725
203539
204934
202470
204423
203324
208257
208405
208579
201161
202381
203835
202155
200306
209481
200259
203265
200340
202322
206267
201561
208484
207316
204017
203246
202561
206845
203946
206637
200451
204183
208066
207127
203456
207707
206394
206952
208493
210225
210235
200996
210161
208734
204126
207233
203929
201056
206168
200743
201538
208709
205603
209733
202683
207303
208495
207236
206688
202292
207192
207819
209576
210080
200702
208185
209145
209524
202927
201652
202499
207304
200323
201089
202924
206640
202332
207057
200532
203193
203158
209181
203843
208280
205969
201892
209991
203520
201315
206874
208361
200691
206863
201747
200536
207963
204838
209171
207850
200571
209381
207722
203138
200918
204575
209068
200324
202993
205086
208820
200895
203127
203019
200757
202610
201301
201457
204096
210251
209997
200442
202312
205105
208685
207347
205559
203631
206363
204860
208962
205548
208485
200391
203547
206589
209630
205262
206634
206958
204980
202042
208972
201907
203803
200994
204408
209775
202793
202487
201247
200247
204467
208626
201135
205849
203211
202260
203787
201640
207183
204384
205792
205578
209898
205269
209000
201839
204850
209283
210119
206493
206118
201275
206857
204378
203317
209225
201343
202706
202569
207579
206432
205365
202721
203490
208542
201709
208825
209343
201853
204959
208550
203360
204200
205757
201199
204642
202295
200844
207026
200927
209092
201593
203131
203372
201608
201336
209906
208623
203439
207649
208075
203122
208766
205192
201063
203693
201799
207428
207040
207171
200765
208775
206083
201650
202197
201957
205185
205340
205258
207769
203280
208499
202107
200946
208628
206798
207197
207782
203429
201949
202763
203466
206624
208411
204802
204164
209555
200581
204278
204727
207704
207862
201214
208721
201314
204957
202995
204936
210094
204113
210175
207052
205869
210288
210201
205349
203181
204487
204338
204026
207631
208517
200809
200963
201207
204280
206172
201226
202688
210125
205592
204712
201660
205667
208755
205648
201082
206350
203168
205034
204198
202638
200213
206988
208870
208642
204386
201626
204255
203530
202813
204312
209627
202116
202492
200618
202037
200629
205173
204133
203846
209467
210305