200297
208152
207802
204439
200659
208310
202964
209522
205928
205133
201066
206217
202922
210099
203363
205689
206799
206619
208174
205804
209074
201922
205626
205658
209347
200459
207672
203881
207435
207265
200285
200512
207373
208837
200866
202823
207856
207882
208429
204067
203706
205414
200491
201235
200494
208419
206495
201004
207576
208877
203253
205382
204082
206868
208512
206588
209091
208096
208876
209835
206461
202866
200823
203895
208263
208644
204070
203038
208932
205406
202249
206584
206655
208895
200731
204949
208454
203880
208928
209317
203741
202253
200498
200479
200241
206608
208887
206594
209575
209492
206408
210177
204077
207041
205508
204523
209579
206265
204507
205114
205817
208513
208613
203935
210240
204623
209944
200913
206192
200523
200775
208546
210116
202662
208640
201649
203578
206739
205573
209777
205333
208245
205717
201784
204847
207091
207921
202738
202300
202239
204027
202184
208041
206737
210154
208093
202643
200712
207545
208678
205565
201750
207873
203690
205289
201529
202361
205949
205053
209926
207837
208004
205903
203545
210165
207932
201119
204617
209867
205502
208355
204272
202783
201713
204238
203980
208199
205206
210199
201690
205101
206009
207094
205047
209435
206067
205484
202137
200607
201475
202478
206558
204276
207007
206669
203764
207874
208047
204620
205072
205818
201597
208418
203866
200832
210100
205932
207284
200465
205597
208959
202566
203212
209870
204504
209041
201087
202851
206880
203995
203842
210169
200984
202501
201796
207960
202991
209274
208555
208308
201014
203919
204169
208206
203996
205966
205716
205016
209369
208650
208467
206483
201857
204593
204612
201253
209333
203557
203722
208889
206822
204055
200373
209957
201512
205120
204322
201551
210229
200485
204510
207737
207386
204676
209415
208731
206452
206883
202511
200834
201725
203876
203479
205140
206295
202992
205230
207643
201539
201723
200313
209395
205672
202931
202226
204224
203478
204958
207715
207242
200537
208104
206718
204784
201985
203230
203837
206921
205102
202867
208016
208238
203148
206238
204823
210132
203620
209044
203762
207831
200349
200270
208469
202228
202548
201142
206173
205805
202859
201648
209297
205063
207795
202848
205979
203726
203642
206570
200663
205615
206028
200858
203079
207806
205564
202777
209937
205515
200622
205442
209551
208353
204916
209557
209398
206674
205108
203233
206360
200477
207190
204761
200671
200753
204454
203936
203736
203150
205107
207381
201029
204944
207287
209308
201868
209108
204503
209587
201215
209613
208251
210289
206476
207261
209062
201353
203464
208312
204859
208303
201177
201733
202085
208888
204215
202531
200800
200942
203971
207892
203508
205790
200838
204179
206564
202479
200390
209515
205754
206758
202519
206659
208952
206182
200951
205824
202541
203549
208321
206582
201783
202272
202863
208363
206881
205455
209002
202374
202327
200203
205967
201628
204392
208224
208190
201664
205247
208231
202968
203867
203531
200976
203898
207934
202465
209626
203335
207093
206968
204719
202744
200869
209144
203790
204742
200689
206136
206967
200529
202977
201858
208719
210197
208593
208602
204881
206138
203501
209562
209160
200884
209732
201514
202989
203687
201923
210052
205331
204188
209350
207800
208196
206070
203487
202377
207432
204075
208253
201462
206039
204770
201590
201255
205411
207797
210191
200876
209877
206742
203315
203282
202328
201308
203126
209229
210306
203615
204892
207054
205113
201834
204548
205059
210147
207777
201011
203847
209158
209758
200227