206878
200986
210272
207212
202845
200915
204116
208360
204618
207993
208996
204750
208609
200747
205921
202264
209812
204465
205880
207053
201786
202065
202951
207222
207345
206569
203149
202908
200237
200350
200811
202202
201316
205740
206169
202337
207436
206116
207185
208281
208060
208344
203981
209504
205839
207706
202168
204649
205875
201295
204387
200595
205083
209032
201759
206107
204492
209057
207030
205391
201126
200256
201016
200871
204609
206319
209045
200348
208003
203111
207524
210126
200458
206397
209187
207547
202287
203243
207830
201638
210180
208318
207125
200309
206852
204118
206179
205054
202476
201438
206158
209438
201140
205628
208081
201553
207342
204526
208254
204652
205266
201495
202821
205448
201574
205600
205944
208507
202401
206002
202384
208105
207749
208957
207902
209911
202743
202682
200670
206222
207866
209637
200249
201073
206311
201157
202879
202489
207153
205453
200548
201737
207202
205308
207325
208194
205211
206929
209863
202530
201592
200481
208278
209155
204394
206147
209751
205207
203397
205318
204505
207180
204724
204986
209075
203258
205335
206445
205803
209238
201113
204199
204532
205088
204243
200514
207332
207619
208350
209459
205833
208715
201291
201905
207362
208745
208654
204472
203742
207958
204229
201110
206219
206216
201954
205324
202510
208725
203539
204934
202470
204423
203324
208257
208405
208579
201161
202381
203835
202155
200306
209481
200259
203265
200340
202322
206267
201561
208484
207316
204017
203246
202561
206845
203946
206637
200451
204183
208066
207127
203456
207707
206394
206952
208493
210225
210235
200996
210161
208734
204126
207233
203929
201056
206168
200743
201538
208709
205603
209733
202683
207303
208495
207236
206688
202292
207192
207819
209576
210080
200702
208185
209145
209524
202927
201652
202499
207304
200323
201089
202924
206640
202332
207057
200532
203193
203158
209181
203843
208280
205969
201892
209991
203520
201315
206874
208361
200691
206863
201747
200536
207963
204838
209171
207850
200571
209381
207722
203138
200918
204575
209068
200324
202993
205086
208820
200895
203127
203019
200757
202610
201301
201457
204096
210251
209997
200442
202312
205105
208685
207347
205559
203631
206363
204860
208962
205548
208485
200391
203547
206589
209630
205262
206634
206958
204980
202042
208972
201907
203803
200994
204408
209775
202793
202487
201247
200247
204467
208626
201135
205849
203211
202260
203787
201640
207183
204384
205792
205578
209898
205269
209000
201839
204850
209283
210119
206493
206118
201275
206857
204378
203317
209225
201343
202706
202569
207579
206432
205365
202721
203490
208542
201709
208825
209343
201853
204959
208550
203360
204200
205757
201199
204642
202295
200844
207026
200927
209092
201593
203131
203372
201608
201336
209906
208623
203439
207649
208075
203122
208766
205192
201063
203693
201799
207428
207040
207171
200765
208775
206083
201650
202197
201957
205185
205340
205258
207769
203280
208499
202107
200946
208628
206798
207197
207782
203429
201949
202763
203466
206624
208411
204802
204164
209555
200581
204278
204727
207704
207862
201214
208721
201314
204957
202995
204936
210094
204113
210175
207052
205869
210288
210201
205349
203181
204487
204338
204026
207631
208517
200809
200963
201207
204280
206172
201226
202688
210125
205592
204712
201660
205667
208755
205648
201082
206350
203168
205034
204198
202638
200213
206988
208870
208642
204386
201626
204255
203530
202813
204312
209627
202116
202492
200618
202037
200629
205173
204133
203846
209467
210305