206771
209990
202503
209419
207821
209040
209985
202648
204124
209256
203868
201045
210076
204554
202832
204775
204367
201286
203920
202886
206960
206563
204559
207820
207778
208577
205986
209454
203534
201880
204444
201633
205021
201069
206080
200847
201889
202192
203673
206505
204657
202216
202949
204365
203437
201061
209719
200366
209414
206795
205214
202251
204571
203179
210200
205724
200312
201154
206535
207311
207937
200958
207995
208244
204114
208250
209400
201764
205003
209603
205400
207451
207644
208480
206246
201850
201619
200565
203897
208983
203468
207505
202637
208437
207078
203686
201798
206450
200970
202255
205115
205459
208098
209314
206475
205571
201038
202634
200955
202767
207772
205283
205729
207530
203680
202757
204219
202679
208818
209972
210299
201605
201411
208136
203089
206156
208838
201080
204889
201243
205449
203305
206325
203343
206908
202450
206304
204036
202395
208142
201114
205891
203759
204361
209725
204633
204004
208848
209521
204659
201232
202146
207845
200948
200436
207857
207417
203057
202525
209699
205663
201251
200722
202466
202460
201400
209952
201201
203203
203659
203249
207917
203209
202174
206523
203669
209278
209428
202086
209208
202956
209526
207394
202203
208777
204377
203322
203109
204345
209368
202011
206477
203802
201542
206919
207914
205925
209973
209711
201727
207323
200540
209140
203814
203097
207972
200328
204268
207599
206710
201321
202814
204875
205593
201894
205320
207036
207816
204656
205068
204968
201217
205863
201048
208763
206019
209341
202152
205151
206642
204613
202725
208914
204898
209161
202273
209946
202774
204499
207467
200601
200575
205536
204869
201743
204225
209472
206054
202001
207992
207223
204765
205275
208599
208624
203711
209879
206996
202546
205226
200785
206199
203341
208017
207774
201040
209893
207517
207723
207799
205512
205313
208963
202393
204167
202849
204032
204485
200594
209903
207446
202810
208868
205993
210133
206776
205641
207008
206949
201448
206433
202314
209982
207741
205811
203454
207300
203023
204752
204478
209301
200652
202930
203689
209089
204078
202461
203865
209339
208808
206907
204016
201042
209439
207951
200761
209881
205157
202341
208462
202696
207585
209884
201742
204527
201537
205576
210118
207560
207733
202419
207455
209488
209235
202020
201546
202868
207167
202258
201670
200750
202276
210247
209918
204108
203888
206457
201091
207100
200453
206723
205429
208338
207578
202629
208007
208488
201760
201780
204405
202235
206790
207293
207412
206663
205182
201953
200734
205403
209754
208741
205002
208249
206298
207815
203836
204720
205327
205085
204214
208352
204636
209118
200848
205282
207852
203660
207507
208027
204105
202275
203250
200424
203070
207443
206917
206927
209834
208504
202820
203144
209130
201653
203346
200615
200243
202945
203782
207044
205991
200627
201418
209604
207129
209152
200989
203537
209197
210172
209113
207793
203033
202787
208161
200238
201378
206579
202518
202310
201990
208591
204049
201607
206490
200345
201939
205793
208054
204902
209789
204063
209692
203261
202474
207977
201426
206599
205935
210268
204938
209896
209250
204337
206592
205937
204699
205808
206895
210106
209995
202443
204876
206480
208490
209374
205096
208505
201368
207956
209284
208148
201616
207623
204774
206811
207086
208095
202263
206854
207326
202617
206902
204926
205758
202373
204572
205215
209164
203430
203774
206973
209506
201403
208476
202613
202048
204436
203937
204619
200971
202252
205209
205234
203227
200737
203952
207931
206263
209417
205154