204805
201095
204615
200521
204421
204269
200372
207943
208980
201572
205566
204919
210002
204517
209546
205122
204662
201326
203562
201575
205902
206442
206257
210166
208831
208223
208995
202175
208214
205874
204057
204728
209793
205200
209820
207050
208447
205745
205580
208478
208927
208705
209345
209402
204851
204414
206604
202261
208631
209432
209476
208692
200353
202722
204990
205889
201793
208010
200464
208572
202301
204065
208062
207032
205416
203081
201550
201239
204317
209412
200517
205786
205702
202809
209721
203661
206662
209889
206815
203355
209566
201392
203222
207397
207109
204458
200318
205357
205023
204658
203274
207516
203580
200815
203848
206716
208396
210308
209446
203278
200221
207980
208669
205675
206084
202429
202553
207481
202418
205019
201549
209772
207101
203653
201374
207319
206989
206049
205539
208367
210084
203426
206685
203548
209294
204721
202491
209780
204854
201606
207121
203220
205503
204660
205908
200439
207886
207949
202420
203157
207354
207952
207468
210010
208773
204180
202970
207315
208133
201065
207297
203373
209740
208945
207162
203832
203751
206997
208839
208409
203608
209723
203339
208033
210267
207851
210187
205895
203818
207813
207196
207208
202983
200764
206715
207502
206141
202459
201960
201745
208029
205974
206076
206738
202421
207573
208032
205184
209718
205707
202559
203180
205950
206899
203336
204540
209172
204928
208345
203496
204034
205997
208351
208089
209087
206352
203694
202838
208329
208890
205886
201327
205469
202412
201276
201088
208053
206828
205496
204221
209151
202105
208829
208186
202394
203862
203962
200959
204260
209771
210127
207238
206406
205798
208522
203714
205195
206786
200242
204595
206947
206651
207964
201525
209327
202299
201677
203497
207114
204388
207919
204399
205753
200254
206302
203532
201162
206208
201881
204121
203015
208580
207123
206971
206829
208299
209810
208362
206979
201671
207002
206784
204130
202948
210297
206354
203086
201778
200497
205188
208472
201926
205499
210170
202162
207510
208040
208761
208978
208548
204828
207068
208188
208993
201144
207876
205632
201211
204277
201967
208712
205530
207750
207948
202027
206212
209486
200688
203538
202598
209240
207559
201805
204568
205551
200944
205666
201384
206059
208720
204484
202408
210102
204477
202200
204314
205181
207872
206532
203732
208414
208879
207869
205623
208651
204965
208930
206121
203893
205253
203805
200508
203287
210044
209170
206417
205910
206678
208697
204453
200381
203986
202051
204204
208106
203151
205878
203137
206162
205287
209682
201980
209424
202962
206897
202999
201988
204332
208200
201138
205312
200591
201870
209741
208108
206747
207230
206711
209848
207033
209657
204961
203861
201883
207128
200496
206812
202256
206376
203696
209796
204577
210182
203788
207685
206488
210139
205876
209377
208971
204311
206576
204671
202990
210113
209582
205012
208315
201609
205005
205998
206848
209675
200215
209535
203717
204353
202768
208533
201213
203609
202024
209703
203591
209690
202818
201409
203789
210141
209561
202894
205759
201464
205881
208538
201756
201305
209085
209265
208430
206120
200908
200235
207676
201451
201300
205004
201112
208173
204536
200817
206595
207366
204984
201272
209728
207292
209302
207217
204193
201943
203681
209109
208852
205682
202064
208116
204992
204813
205721
201009
202691
205836
200322
209165
203375
200509
207076
200231
207095
204927
201541
210060
204843
204020
207231
203577
203323
201716
207107
208284
209330
203204
209078
209993
209927
206272
203737
205942
207487