207997
202586
203118
202684
205221
206479
207746
202582
206614
201358
206153
202557
206993
203284
209814
202358
209948
205985
203011
205268
200781
203176
204586
209008
201986
203953
202681
204734
208931
206160
200623
203644
209282
205045
209760
201332
207427
203136
202632
209064
209517
203767
203473
203559
209571
206571
203112
209039
207490
207251
201206
208822
202133
202068
205554
207470
205091
203833
205363
209007
209001
205323
207141
203988
208716
207388
208735
209427
206347
207625
208210
205523
209813
204943
210019
202448
208325
201024
203379
202840
201086
208279
208088
201490
205238
202508
206259
209408
202158
206684
206741
209595
204185
209303
207088
202784
202678
205870
208531
203565
207083
204132
204253
202512
203006
203670
206314
201667
205441
200358
207922
208974
201279
202388
202242
208365
201508
204501
203293
203043
200189
204476
206830
200657
208781
204804
205491
209147
202812
207247
205715
205668
209029
206691
201010
201248
207976
208535
203546
208784
207170
203798
206610
204981
205887
209053
200645
203419
208882
203298
204639
202895
207581
208444
209285
210058
207136
208710
202182
203991
202165
209646
205971
207063
206983
204920
208988
207925
200828
203775
209953
204574
209139
205802
202876
205879
205240
202615
202335
202488
207626
201735
205543
201476
200740
204044
206668
201003
206274
200568
206224
202302
202047
206453
202835
201620
204426
207833
204391
201304
208998
208742
202410
205039
201036
209449
208252
209992
209359
204010
202243
208937
206440
202594
204069
203889
205742
202785
209659
208597
206191
202217
203434
208828
207763
206026
202942
204533
200360
203555
200471
210322
201879
210244
200975
209638
204537
202142
204809
201642
207965
203172
206918
207307
203103
201511
206320
204168
210142
201000
200770
202379
203376
203781
206139
208319
207597
202355
202781
207863
209752
203831
203004
208453
209222
202236
203269
205360
207042
200845
206104
201816
205098
204789
203521
206422
200429
200412
205769
200698
209056
203563
207896
209536
205764
204570
202585
202878
208342
204307
201133
203634
207940
206869
210243
201578
209736
209917
201013
209593
204123
206088
210022
205664
209502
202118
201277
204963
204233
206548
202411
206345
201846
205386
204217
201999
203191
208383
207120
204294
202350
207105
204262
205853
200979
207584
207589
200630
202651
208913
206388
207447
204803
205731
206768
201557
201446
203783
200347
209625
205784
209790
208086
205052
200733
209639
205056
201533
209795
209701
208294
200693
209251
204456
201911
203225
200488
200614
203887
203368
207149
203969
204768
203594
204197
200344
202130
200420
203306
201195
205686
209998
209824
209396
202788
209411
208778
204305
204545
207372
203235
209895
203294
208583
207929
202646
204643
207968
206069
202385
203916
207894
209932
201814
205712
209531
207744
205225
208455
202111
205011
201041
209445
200887
201658
205680
203637
205043
206910
205295
201718
209361
203198
206722
204624
209249
204516
205169
201679
203955
204119
206467
205135
207789
204718
209774
209444
204170
205153
203629
201761
206258
201966
201429
200524
205069
204475
206079
209839
210252
202428
200831
204953
202447
209512
206903
209955
202539
207827
204817
203449
209328
204988
205413
209482
204206
206621
208203
201669
203099
202573
207355
206266
205027
203369
200416
206598
209114
202157
200505
207906
204995
200624
207062
208297
204544
206518
209010
200778
209090
206123
201198
204326
209656
200204
202773
210018
207730
203720
206797
209296
203985
207780
201165
205810
202166
201127
202303
200559
203330
206771
209990
202503
209419
207821
209040
209985
202648
204124
209256
203868
201045
210076
204554
202832
204775
204367
201286
203920
202886
206960
206563
204559
207820
207778
208577
205986
209454
203534
201880
204444
201633
205021
201069
206080
200847
201889
202192
203673
206505
204657
202216
202949
204365
203437
201061
209719
200366
209414
206795
205214
202251
204571
203179
210200
205724
200312
201154
206535
207311
207937
200958
207995
208244
204114
208250
209400
201764
205003
209603
205400
207451
207644
208480
206246
201850
201619
200565
203897
208983
203468
207505
202637
208437
207078
203686
201798
206450
200970
202255
205115
205459
208098
209314
206475
205571
201038
202634
200955
202767
207772
205283
205729
207530
203680
202757
204219
202679
208818
209972
210299
201605
201411
208136
203089
206156
208838
201080
204889
201243
205449
203305
206325
203343
206908
202450
206304
204036
202395
208142
201114
205891
203759
204361
209725
204633
204004
208848
209521
204659
201232
202146
207845
200948
200436
207857
207417
203057
202525
209699
205663
201251
200722
202466
202460
201400
209952
201201
203203
203659
203249
207917
203209
202174
206523
203669
209278
209428
202086
209208
202956
209526
207394
202203
208777
204377
203322
203109
204345
209368
202011
206477
203802
201542
206919
207914
205925
209973
209711
201727
207323
200540
209140
203814
203097
207972
200328
204268
207599
206710
201321
202814
204875
205593
201894
205320
207036
207816
204656
205068
204968
201217
205863
201048
208763
206019
209341
202152
205151
206642
204613
202725
208914
204898
209161
202273
209946
202774
204499
207467
200601
200575
205536
204869
201743
204225
209472
206054
202001
207992
207223
204765
205275
208599
208624
203711
209879
206996
202546
205226
200785
206199
203341
208017
207774
201040
209893
207517
207723
207799
205512
205313
208963
202393
204167
202849
204032
204485
200594
209903
207446
202810
208868
205993
210133
206776
205641
207008
206949
201448
206433
202314
209982
207741
205811
203454
207300
203023
204752
204478
209301
200652
202930
203689
209089
204078
202461
203865
209339
208808
206907
204016
201042
209439
207951
200761
209881
205157
202341
208462
202696
207585
209884
201742
204527
201537
205576
210118
207560
207733
202419
207455
209488
209235
202020
201546
202868
207167
202258
201670
200750
202276
210247
209918
204108
203888
206457
201091
207100
200453
206723
205429
208338
207578
202629
208007
208488
201760
201780
204405
202235
206790
207293
207412
206663
205182
201953
200734
205403
209754
208741
205002
208249
206298
207815
203836
204720
205327
205085
204214
208352
204636
209118
200848
205282
207852
203660
207507
208027
204105
202275
203250
200424
203070
207443
206917
206927
209834
208504
202820
203144
209130
201653
203346
200615
200243
202945
203782
207044
205991
200627
201418
209604
207129
209152
200989
203537
209197
210172
209113
207793
203033
202787
208161
200238
201378
206579
202518
202310
201990
208591
204049
201607
206490
200345
201939
205793
208054
204902
209789
204063
209692
203261
202474
207977
201426
206599
205935
210268
204938
209896
209250
204337
206592
205937
204699
205808
206895
210106
209995
202443
204876
206480
208490
209374
205096
208505
201368
207956
209284
208148
201616
207623
204774
206811
207086
208095
202263
206854
207326
202617
206902
204926
205758
202373
204572
205215
209164
203430
203774
206973
209506
201403
208476
202613
202048
204436
203937
204619
200971
202252
205209
205234
203227
200737
203952
207931
206263
209417
205154