200516
207912
207792
202959
201979
202665
207836
207288
205737
201701
203452
201751
209383
207358
201152
208427
205292
200821
209448
206349
206210
205277
207602
206424
207334
202390
202331
200593
209971
203918
205651
200598
208000
201662
206014
206849
203486
205778
204681
207396
201629
207178
208987
208727
204263
209129
203457
200337
203715
207314
202911
204844
202807
208058
204903
204355
203683
203901
203165
204265
202626
201826
204218
207509
205815
207719
207174
204756
210269
204157
203864
209915
206675
210033
210073
204352
208282
204606
203383
200597
207416
205261
205035
207858
203405
209670
210164
203271
204858
205614
208271
206484
200320
208503
204084
205812
202776
201956
207016
209975
206860
200582
208638
203927
207069
204542
201176
203852
205355
205696
201694
201334
200434
203954
200316
205783
204141
207360
209362
203597
207731
208470
201600
204437
207018
201519
210045
206441
207651
207942
205389
206085
204907
202711
203662
202092
200710
203044
206230
207506
204315
200410
200873
208606
203007
202290
209019
202982
210314
207613
209724
201351
209478
200441
202108
207204
205806
206154
205687
201499
203773
201174
209596
205584
204140
200432
208487
204043
206313
202422
205217
209886
202754
208413
202808
208543
201740
201053
201139
207390
209606
201071
206792
209887
208671
209142
208817
205205
203543
207270
209833
203290
207927
201503
203581
209677
209048
208942
206530
203632
201831
208979
206544
201540
206752
208295
203207
207805
201496
200446
208645
208663
208938
209483
209124
200487
202306
204611
209028
208215
202039
201656
202929
203431
209714
201039
206387
206330
208050
203682
208862
205890
202433
208464
206434
200859
207291
205713
209456
210212
207346
201635
206999
205777
209195
205434
204024
209925
209429
207024
203190
202122
200492
205904
203166
202387
210049
209905
210239
203601
208168
203234
203000
201268
201886
203337
205953
210149
200932
205962
206418
204557
203292
201762
208489
205010
207783
206507
204910
204150
201678
208592
206248
201068
200730
204794
201266
208608
210185
203159
207895
209934
204143
210307
207349
200696
207888
203703
207671
204600
204092
209311
200211
209543
202856
208347
206322
208554
208977
205838
210150
203823
205646
201419
200863
206953
204555
209807
202600
204666
204853
204246
207669
201866
205242
208247
202472
203260
204343
204471
200945
206766
201262
200894
210086
209513
205877
200326
206300
201202
207561
208958
209270
207745
202758
208243
205857
209594
209093
202124
202006
205907
202608
208571
209668
208274
205216
201021
203626
207306
206819
207709
205968
206575
207607
203983
207147
208183
202857
208018
204288
206296
207380
200520
207954
203760
208567
206842
207425
205379
208025
203067
208236
207079
209980
204682
201269
208137
204645
207350
201833
204998
203436
200342
203700
210281
208540
209103
208332
205288
206245
209811
205461
204882
207211
208302
207340
208483
204000
201848
201921
208816
206843
203579
207637
204855
209313
209276
206629
201020
207182
203507
205457
204321
208884
210035
204759
205394
209734
204014
207219
200499
206497
201421
201726
207877
202321
202078
206717
201320
200612
207611
201552
207460
203309
203679
203641
210248
208072
208809
203100
200468
209226
207382
203017
201618
204987
205304
203725
204886
204583
204922
210278
203989
210221
208208
203533
203678
201849
200692
205647
203968
209148
203483
202618
209175
202716
205813
209309
204302
205929
207140
202953
203356
207232
203087
202291
201964
206379
206056
204089
203075
207628
206574
210275
206954
206021
206436
201661
206858
209211
210104
202577
207552
205791
201704
202034
208071
207979
210277
207622
205390
200728
206875
206416
209322
201803
206941
209003
206252
202055
202329
209778
205232
206620
204629
209831
203279
207022
202232
208272
204607
208056
208661
203973
201101
202059
203522
206930
202710
200564
202950
201290
203090
205495
205319
208085
206242
200194
206950
201342
203362
202656
201982
207118
204104
205735
204357
203194
206447
205760
206889
201361
205960
204553
201270
205472
207411
201467
208374
203628
204592
201938
200438
202670
200317
207680
206817
208991
207474
201230
200788
207725
207104
206712
208702
209177
200208
205629
207407
207186
203515
204035
202576
203215
203599
205178
202579
204309
203938
204099
209335
206215
209691
201472
205772
207916
206623
209121
207277
201898
205946
202003
206890
208119
203171
206278
203967
206783
204013
208520
210204
203370
204122
206672
202106
200284
200872
203059
205725
204442
209233
208793
205567
202873
208563
201906
207911
201877
204814
206699
204604
202532
209560
202345
202614
206751
201294
204948
210097
209034
204900
201724
200265
204210
208157
209420
205591
202132
200531
206975
202918
208672
204539
209853
201034
208760
206627
202644
201788
202853
207928
206365
207571
201146
204156
209194
207188
208219
202631
201838
210300
209055
201155
205362
208713
207423
204191
204989
209105
202865
208448
209405
200448
210220
200278
201654
207082
204374
205556
203826
200650
200273
206381
210117
207656
203982
207375
210068
207193
206770
207473
204019
204569
202134
203076
204397
202824
201032
209533
203514
201012
201487
200291
204799
209949
206226
202904
203226
205952
205317
207240
204432
201289
206335
204678
207682
207245
200798
204741
205424
209156
204654
203730
204514
209494
206801
200577
201425
208869
203757
201116
204710
207947
202397
200678
208358
205546
203598
202432
206165
202407
207336
207657
203993
207716
206106
205785
202685
203055
204871
205228
205661
204220
204061
200830
209735
201413
205326
200983
208506
205193
201221
206676
201447
204142
210003
208982
200935
201847
207967
206232
206648
209025
210280
209712
201517
208477
200865
207038
204978
205835
201062
203571
204256
204461
200443
201296
208776
200587
202842
202367
206537
207521
201821
200924
202199
206764
202899
201297
209804
207161
201245
207898
208750
207405
201647
209836
203541
207824
208155
209146
203105
201703
202087
200246
202900
207604
209694
203766
202026
204641
201748
201698
204261
200960
201744
205843
206346
203665
200758
200756
206109
209084
204237
204495
203942
208052
204328
206732
207861
204258
204674
204589
202901
207110
200596
205431
200791
200484
209845
201187
203347
201350
202568
209325
206228
208841
200229
202575
207653
205243
209785
204146
202875
207870
206171
205165
208011
207228
207587
206853
206628
200826
202205
207009
204369
208359
206380
205038
202150
201655
204364
207218
207035
200938
206521
204071
202213
202475
204060
203896
207809
205385
207648
204541
204940
206731
202661
208833
202227
204482
206063
203143
205978
206713
206369
201819
200506
208967
206231
200735
209127
210274
200928
210183
200952
201357
208100
207630
209199
203145
209471
204145
209653
205075
204888
209216
209190
209020
204474
209426
207159
203380
205586
202063
204684
206124
208114
207084
208211
207191
203621
203374
207661
209253
204588
205807
206906
204039
200641
201466
208143
207867
200522
203817
200533
201484
203110
202289
209027
207402
205733
204254
200906
204066
204735
201375
207351
201017
200738
209178
202885
206310
208800
204134
205620
203092
210293